991444689
995117200
986863655
994574635
998037348
999049256
994781105
994340632
998348623
999098103
997532076
996083295
996929437
999371456
989050630
998776422
990921756
998794827
999242660
987445358
992446325
994042353
993121227
995404983
996390372
995429389
995401717
994473387
990324499
989795409
989467952
997444440
993607552
996906376
997010133
990917489
999641337
995899197
998967725
996574307
999794927
981233813
996088752
991237920
992395901
995231229
994757717
996558928
991654157
998450111
992352792
988671639
992946493
996884882
999479535
987669689
982461138
992724885
994243017
994508391
995361307
999158368
991634393
995449422
999371870
997761814
995495609
996252830
998721856
988507866
998725956
996673285
993422876
988562267
992781947
998552194
993602626
999215234
994119245
994609454
996519355
998162365
990657568
989555684
994147104
997505459
998372263
994953466
998677272
997687965
999206568
994891382
997568022
999711028
993329908
996203684
997181020
985405211
997656158
994724541
